0.5204451007912991,0.6860834188037304,0.7502597815279333,0.3590034028226736,0.8634960704430412,0.8367788917935564,0.8947922404450115,0.8160185020799279,0.8686612120400425,0.8225074549504033,0.3716918063713201,0.4812127880730367,0.8224019497837245,0.8114102431243776,0.3886652459549248,0.5607155675441438,0.8978667330067333,0.3926395256655124,0.6990718376917222,0.4088209015000837,0.8771583066046225,0.891637954175615,0.8708161575210247,0.8364462028425121,0.2339041226648364,0.6429364461041918,0.6570138050799493,0.8590249608276973,0.7192023760829224,0.8497495531030566
0.3802072625268899,0.5090856616170765,0.6696046702688689,0.4381607679934655,0.8593952407641021,0.7518509038610562,0.8596851962824795,0.7604261631068138,0.7791758790789075,0.5530620344856788,0.1660464268950867,0.688016306605646,0.48792913691255,0.8177022440116062,0.4883534663839007,0.5319552278527425,0.7185928489220966,0.292593666929428,0.4658168894383743,0.298712036016823,0.8644374233008805,0.6628877141571825,0.7792038359747718,0.7127732107497531,0.4342434597145116,0.4390849561128971,0.6025505782111753,0.8144831985086016,0.8537893628500012,0.8370220385363393
0.4120252553923518,0.5873298139907632,0.4858035110484852,0.3709941163840343,0.4195994965930307,0.4155172478051691,0.5659593312922638,0.412946058936564,0.502603345725783,0.536481152300479,0.4026493813631582,0.6264929915920324,0.2774822106799498,0.5960719817433613,0.4505000237833018,0.4646576986467037,0.3946848288738449,0.4557360253335637,0.5607257957639642,0.2356055109582972,0.4215938431469456,0.5774965327964101,0.4693893481844342,0.5874531918835608,0.5920539314988158,0.3931150711496127,0.2499063111473892,0.4016895794787535,0.2790443572583597,0.5028574488205456
0.6276058330272996,0.3150976672137986,0.9964790317812576,0.3785977760752811,0.9786063135272324,1.0,0.9923577929584596,0.9796232262746932,1.0,0.5102205243178678,0.1869484525938869,0.3730339601018948,0.4513124473949674,0.9530769666626334,0.3611756147110544,0.5390985659995494,0.9317298890636736,0.3233069915277151,0.6947186834545831,0.5273312964791033,0.8987518553374525,0.8578625331185816,0.8154071453906234,1.0,0.3168544673182235,0.4364243512223167,0.7820790148462952,0.9946759427578002,0.9901902734466128,0.9491363093348576
0.5046768780446822,0.4849359816035723,0.9319660918791456,0.5475904565148029,0.9529297418591736,0.9831012751482282,0.9961645138170384,0.8578674563301388,0.9537877425795184,0.6304423955862374,0.303097607694468,0.5166712394350531,0.6177471479537966,0.8824336447470856,0.4481403591980711,0.6586143006994418,0.9039636851804386,0.3362814649025908,0.6445788384441643,0.4234677591477362,0.8552296194959375,0.9016071112965708,0.8443030141754585,0.832551772804343,0.3546653591054739,0.5172383795504094,0.7717161587652995,0.8541773882531725,0.8201196776884999,0.8624041267590178
0.5183360065195057,0.7149942553168089,0.4806139413093034,0.4076764500022768,0.6985264394469142,0.5866294620181205,0.6904931149632088,0.5268714671927275,0.599187538598734,0.4348351421234796,0.2540870203602998,0.3335763678950058,0.3137069218905264,0.809365682611859,0.5142072514756196,0.4043724034254026,0.4242379909852738,0.3789829963127804,0.5769155738959348,0.1716779835931703,0.7818608292271668,0.6759144545114335,0.7451716415378995,0.6403008366796128,0.5569462702902124,0.6743802527329414,0.5082570619033902,0.7207822798074932,0.4741450519001867,0.6684938443713696
0.409604256384356,0.6804015880645595,0.4956253997362265,0.2547244904591167,0.7253910234909307,0.671455022899441,0.7472049250778616,0.6293457095429139,0.6967251319095193,0.6580460707698687,0.3435401857684674,0.8395748368129586,0.5761902916571249,0.6741448718901164,0.3817417246489024,0.4826983162416303,0.6067020814943094,0.5454420628735116,0.7598121307056045,0.8829919559052153,0.7042068960746882,0.6289710662610996,0.7112958045943314,0.600081600616985,0.4012861483683089,0.6462987080148235,0.566483646183752,0.7602299939639243,0.3736450092904794,0.7646427216303711
0.5860149326477853,0.5115633850860952,0.8387321804742944,0.2944302257072841,0.8598056617549339,0.8392763811143238,0.8576898186835712,0.882314536461574,0.763764048699756,0.55201099758746,0.4005552278287652,0.7642376862666475,0.4356464035817176,0.8992793353013823,0.5887059721169612,0.4787997192072499,0.8683793024419094,0.3072748573743806,0.699995336362137,0.4612404442506447,0.7600839599163923,0.8025871802049763,0.6967363182314247,0.7132950716618759,0.4537933807253878,0.4923157152304744,0.6023020711004816,0.8421826413835287,0.8915623348976508,0.856292141679228
0.4028165108228672,0.8152911276818116,0.5395329936022175,0.6885711020948043,0.6022569419807462,0.5110100262481825,0.626082465431457,0.4918875672686734,0.5740543462577197,0.6859910329011804,0.3848918785419197,0.3745806007864516,0.467524349859338,0.6764261021994689,0.6246008203695478,0.4452729467703306,0.4520754384637692,0.4280368725414982,0.5393801464102137,0.340719659803062,0.6554929719773892,0.6741218895743603,0.5906032389826088,0.5444944343415162,0.4638737806969927,0.588034539666515,0.5656427777947176,0.5729963813705659,0.350516946504276,0.5748912740292426
0.4054042583829265,0.5244637828913707,0.4617321185692107,0.3486346651296428,0.6923130763316484,0.6522896331593757,0.7657809361696495,0.6836609769641434,0.6750331117388964,0.653681546365397,0.1176459639839928,0.5309306684063712,0.8259634101192546,0.6915510407303134,0.4960456140282981,0.4793891906979328,0.6487971223885457,0.733514190166782,0.5371556249206072,0.3054947984720692,0.7960438006357824,0.6191359916675407,0.6291907300123792,0.5846431812296082,0.6507783234402258,0.4328887682543594,0.5168799944058423,0.7244309355054619,0.5288687216629159,0.760927964076326
0.5673145425762764,0.4747276641357976,0.8309393889880219,0.5406130557786796,0.5243445272129339,0.4829976849021542,0.6438718115099825,0.4025551806299008,0.2777437371732223,0.3940247219546647,0.5715646047212171,0.5156412126771619,0.482635055750467,0.5788604090541487,0.2164537390918907,0.3527419406681039,0.3791476854199669,0.4925614918664237,0.6873807457980654,0.3727888925858932,0.744868280315268,0.6902345140822697,0.7350035382680317,0.7131283424822683,0.5012040297148819,0.4945059855544875,0.2683492187686503,0.4991907180585768,0.3535848780846925,0.5270125286194194
0.2858789366243544,0.4364033256408293,0.3315706996635019,0.0962529675550561,0.4241014668791629,0.3091217617141039,0.4175698674368769,0.4878811574264448,0.3710264523944578,0.5102694989455386,0.2238092520302537,0.5384066076015281,0.1713652469581377,0.5591812045106299,0.2773550733712381,0.1660410106256731,0.2367705512781589,0.1731620891436149,0.0322719167788747,0.4478263680560969,0.3011740320035979,0.4794430948873732,0.6024946331429373,0.3407274592320309,0.401981900495583,0.3047662880303743,0.1420304285040978,0.254314547871903,0.2406353904297221,0.3665959804179388
0.3734874236858529,0.5132151622508685,0.382274396695721,0.4067086314870888,0.4627460732315483,0.3440948201816988,0.4631403644744917,0.3031062510269263,0.2752758778720054,0.3761308839347822,0.3405311031809503,0.73598180171869,0.2800424461139681,0.5583337704487648,0.6630757841191717,0.3327540782236709,0.161782424765784,0.2991575776363586,0.4827608957861223,0.2090218189525073,0.423647958915252,0.435318568841312,0.5857264525519846,0.5321181391668499,0.5243088195300466,0.4306773571668048,0.2231738438757366,0.3463862683447108,0.2744661001065583,0.5265612580344822
0.4544765878058447,0.4532448078841868,0.679827275854166,0.6781381557091269,0.5833532764914029,0.6328113949217115,0.6588915633260459,0.5270980076325464,0.5835477689024889,0.6172028139048665,0.2684433527116663,0.7540146756863276,0.4141080243445022,0.7560136489114481,0.6832453413717465,0.5498478006652893,0.4922408799438138,0.2500402353313638,0.3359691482019842,0.3021961355627416,0.5851200044650804,0.7347088793831836,0.6330806963460012,0.5529167348928685,0.5674996203454651,0.471005494922829,0.4979914924568746,0.5524397306097396,0.386699737176215,0.5645083897897971
0.4684134491730736,0.4173803377210086,0.7255076070897759,0.2844682094161818,0.7435137451987696,0.5732457203518294,0.738099962911861,0.5855297143857188,0.7077160505919338,0.5790590687126357,0.3381031078756313,0.4037634698121856,0.4296781075394196,0.6758389019384928,0.3411110027971265,0.4701819161107369,0.5829617140530773,0.317139696472917,0.6233560767091835,0.2957867180240207,0.683204909671636,0.6570662165238578,0.7037880816563007,0.5797710701132172,0.358688857258743,0.5441053845565447,0.4637399062930722,0.715894546655348,0.457507717889367,0.7399414003981545
0.4296132109417079,0.5018258921713854,0.6821566791206117,0.5145955602915022,0.7031726118239872,0.5885810346278866,0.6672330415324571,0.6042409451071109,0.5861596690838452,0.6424009165509178,0.2473435292053851,0.4240483825949966,0.3493660135587896,0.6409967377821194,0.6090249497721409,0.3046705574482995,0.6149633848802877,0.2193775476964004,0.4784291207133339,0.2176792429512676,0.7843200008417315,0.6605487513476159,0.8082711150745525,0.6159904988779741,0.3562625909813132,0.4196484568096765,0.5616411049441693,0.6620889672556924,0.5033076923617527,0.6704820366260129
0.8302106572876577,0.5179971209324759,0.494736726968372,0.2867967840423799,0.3699729431324897,0.4627033449062502,0.351369021728104,0.4617024106405544,0.3767376233194818,0.6454812586203228,0.5894314278931396,0.39450598035824,0.347165221935509,0.6600009702112082,0.4391457500874494,0.6883515066271593,0.6045009905921853,0.387369259310812,0.7604050250058518,0.4998093625499915,0.3314114352007221,0.3362737326105904,0.733914551455304,0.4006364096840652,0.5620186816923028,0.5472283709274703,0.2972580876222523,0.3331079291632993,0.5300022300791277,0.3479152394502999
1.0000000000000002,0.5980084016223426,0.6474932222094671,0.6870386170513806,0.5696911036186549,0.4575393190258279,0.6716928915732476,0.1989595130743347,0.5691928394518443,0.7122222022905565,0.9368160302178574,0.8190533743722032,0.6632854375241886,0.193640212131314,0.5622303211070419,0.6744805833753823,0.4861847693731219,0.664502247609497,0.8028426561675849,0.6643295603949526,0.623198883930743,0.5388702798728445,0.286703462743533,0.4355530473927919,0.3169397051071014,0.6343178080486385,0.2479995420612797,0.4576706884123961,0.1734721767444967,0.5802358980593381
0.4426056144289489,0.5615629063804151,0.5625162615690831,0.2950193253811686,0.672114453931952,0.5322910206218291,0.631621059528877,0.4461133397206561,0.5939049634928923,0.3821123719753642,0.4082792825711026,0.7436275736453309,0.3026271136683321,0.5730813548794703,0.5218892730088409,0.315104377856628,0.3948668175617036,0.2131133978546829,0.6329700402718149,0.2992980852713109,0.8092464220949086,0.5604129544459937,0.7379460652223593,0.6390334340038617,0.4694025132232042,0.5082458357379722,0.3986104060934171,0.5835356367095359,0.384607131443908,0.6398343173351922
0.2981535841713207,0.6668671492820031,0.4334035960964831,0.6034517207311313,0.1982732142484085,0.1410026645676532,0.1041345139757758,0.4841570460661312,0.2354903550892593,0.4816115175782068,0.2284963342111037,0.8554353572299686,0.78756768111928,0.3406260439155062,0.8302282957154576,0.5411242280393254,0.0035120899914412,0.445732593575173,0.4754013593302342,0.7616586994342858,0.6996401141728162,0.0,0.4791916409903825,0.2877632419475467,0.8219138962781705,0.5784963679878614,0.3520905650727649,0.0444389869263016,0.3447335623456459,0.2038508997132929
0.3264449566561289,0.7034648840231443,0.640181786583276,0.2391012285381842,0.6987933748421119,0.5455414659897598,0.6480509235442775,0.6374105638673196,0.5681029258672399,0.3408872819237286,0.1926758743776391,0.5591522077736651,0.2623434188979793,0.6930689578571831,0.521986325639569,0.4023603170504826,0.4970986962065195,0.2128081159820543,0.4739892326118576,0.3032634230639292,0.6539501698224524,0.5632292944816546,0.6432685408325819,0.5567008809555608,0.47422828813278,0.4894642268319171,0.3044059472355251,0.6262447424659909,0.3722103015423074,0.6468475803738841
0.6597495840106402,0.6102833102796663,0.7743208261390064,0.3632465433898606,0.765739754684681,0.6815887493360804,0.781178255100595,0.6465468045798103,0.733175041582858,0.6984850145853952,0.552078866248217,0.7645906398491654,0.6071273464115623,0.7005193077494855,0.4627939429342294,0.6338152900286508,0.6258633910021084,0.2891755708169974,0.7299976319628749,0.3793201027208805,0.6707918139371796,0.6612991871483446,0.7966241951497944,0.6127156374796021,0.691475519933187,0.6064223007940439,0.5306046646632988,0.6884497115029345,0.6577031259134128,0.7182901723625517
0.34381092922665,0.6102787322739305,0.3845803670480792,0.4036920742644473,0.5278461275694547,0.3479345012778691,0.5427224833006227,0.4960418026267275,0.5058448401935134,0.547244644944365,0.1996345654068834,0.1284490063900116,0.6412109911594666,0.6719733043880569,0.5707126705572219,0.4789110172243076,0.2558514865503887,0.3346734649767592,0.5249616397007575,0.2824573589752349,0.4551587869866966,0.4407804594703817,0.4835340141840316,0.505125652065389,0.5963268269380242,0.6136735616381179,0.4152453001408107,0.4425508952175224,0.298380120926523,0.4773350081752265
0.5832960325601668,0.6803977383531028,0.4345149337434426,0.258356390097183,0.1801859291703816,0.1811734031384099,0.21522178941431,0.3178934336114661,0.1684625191446211,0.740576883600727,0.3612884934177662,0.6589045423658586,0.6584680678784836,0.4803807859187604,0.5578926519175647,0.5531971903075081,0.3372253428107767,0.2539320600989115,0.6002334060178258,0.0,0.4467812958413962,0.639381300158389,0.6608686243882188,0.4516205619694203,0.5033801541118561,0.5778308824048197,0.6356603549062549,0.2414620730250127,0.4905334844416255,0.1141310015934332
0.7344740175318212,0.5838923738789408,0.5423955748028081,0.506315226381572,0.6723025733913299,0.587448315745113,0.6863325055759145,0.3540469985274693,0.6087646041562249,0.7692250361996799,0.7503288434434006,0.1999136264271384,0.4650740264390942,0.7440108931611904,0.5018723595342176,0.6236345361374376,0.5176907834208708,0.4999713507897425,0.962172031568148,0.3211921537968774,0.5726770456606856,0.7196043464314955,0.7289743426965676,0.4143522546018777,0.656887075821805,0.5176851086650476,0.2802078095411575,0.6163280394830919,0.4349029121273554,0.5539701449120911
0.3217818151957652,0.3777412905683288,0.6699135817152266,0.4439894183026303,0.6260143193138898,0.5732849636118353,0.6578641565384278,0.5136912516805897,0.5900383063498624,0.3421780844465428,0.2258334797771999,0.8329996733618336,0.6309376565618059,0.4668719471125524,0.1992285558551337,0.2370978067850679,0.4597561133750261,0.2510336720302012,0.4239098230438806,0.4635260989262174,0.6260766037922396,0.5543890940925946,0.707284055740624,0.6516384293423447,0.445373288357847,0.7168368316750302,0.5081322491968931,0.6486600814432237,0.3527419928028633,0.6682405989199928
0.7239934288266006,0.7243062242944194,0.5368246016608416,0.3304215801199661,0.5847729177559342,0.605519452613955,0.5892877737786121,0.4324599648385877,0.245071461561089,0.6614131478478046,0.6514776477201143,0.4946654140308949,0.6419175152385692,0.5906943226957733,0.3610759508751052,0.5848978406324676,0.3977997043939921,0.5466785875173491,0.7017324040272783,0.4439314224098264,0.8346218305662246,0.6047697593966818,0.4828074343572057,0.5247095457491793,0.4781855679867799,0.6561686891899461,0.4899939665514555,0.5538156676785506,0.2589236231072603,0.5686140382726245
0.6253643319229023,0.3667015135701019,0.353403221812205,0.2779447935504301,0.525474541451738,0.3501689150518712,0.5260427525201545,0.4355615019643735,0.4771172619710664,0.534867806701493,0.4287403538094485,0.3740340322049754,0.3736172946023589,0.7109682598652338,0.4586056042175751,0.3992873879176744,0.2470818743618154,0.3049712267422381,0.4175951406055697,0.340533073840623,0.6899231706335957,0.679872210854584,0.6731059191815563,0.5712091123540695,0.5586903942961269,0.4555946914063309,0.3865079967190076,0.5078639452153466,0.49686043594504,0.4365689487977368
0.7321224329300562,0.6557824397847973,0.5878776379150215,0.5252192524160575,0.6106298499910271,0.4084393178855809,0.6120328732345696,0.3092520634690157,0.5918530957792224,0.5518209148918659,0.6759284982500593,0.8373674644430934,0.3813807989543669,0.5496922829357136,0.6341012910476234,0.5702769683917184,0.377966305036072,0.3032721959868249,0.8933772489895748,0.3286342169299751,0.7656846198931907,0.6511578275845424,0.6597308443730838,0.4818858406853616,0.7048688984242236,0.590103042976295,0.4515027527828483,0.5705750346941356,0.4793345190993073,0.6109484217880896
0.6171290563204579,0.4492246208853703,0.6303628123701263,0.5453254452901988,0.5343580071211586,0.3343708705089267,0.5749756140045995,0.4274311071247748,0.4510685889835927,0.3317443120568618,0.4423000818831935,0.9419502704852646,0.7425296260223111,0.3270293527249749,0.2274294023776902,0.3062604888616435,0.2943026950452295,0.3100888242833848,0.7597674014882894,0.8746931976871675,0.5972323944772626,0.6224063308675117,0.6395164884907455,0.3725813177267115,0.3832898340054635,0.571501067934612,0.3391946008527215,0.4961939961755294,0.3211616081234477,0.6034978913516509
0.7384048206337703,0.7847138741596571,0.7872879760139476,0.6341669765310809,0.4868091379576975,0.5946409325374983,0.560550163209835,0.7019548197057978,0.4755467691252263,0.775919852335936,0.5438422997154544,0.8535535285378161,0.7813733835318528,0.4613922366082411,0.4630511822918323,0.7209901045064808,0.5154075144765368,0.7435641857171847,0.8086036227238256,0.3524733018166765,0.7401040663136145,0.6519911406611041,0.6384382241700085,0.2643139801046646,0.6027644532606219,0.6609371619349909,0.4145290887250407,0.5320665262828754,0.4174391438592192,0.5675545693855096
0.3908196106887338,0.5900517762169115,0.6904953360593207,0.4752888938339535,0.7572722907127589,0.6266660790973254,0.8037981902417265,0.5997287848618386,0.6511396992924605,0.7615151107730794,0.2634781370016432,0.188650929013099,0.7822644994677508,0.7927877637602084,0.5125100322957598,0.4472021233823703,0.6593398189044625,0.3139518652553017,0.5018783782757592,0.3567221243520546,0.709946307854042,0.7573137007439318,0.5872525540161797,0.6437441001160515,0.406895512691601,0.5644432078302097,0.4330561207940911,0.7087900276154699,0.6748016875149606,0.756362102770989
0.3169783656375244,0.4915024971773527,0.3895954589569249,0.4827211180098655,0.6289840189456232,0.421818688994497,0.6372775761212435,0.5368649669118979,0.5092239328459547,0.4656130517473434,0.2933328725270068,0.5061497467586512,0.3171423220602619,0.5836061653002058,0.5875498075471687,0.3166667182893539,0.3611531182034013,0.326817260207652,0.4607576424774302,0.3312550615949142,0.5758553169636329,0.5035661325900753,0.5489889016129061,0.5141799709341179,0.5093149699033888,0.4357463689212839,0.4612999875820819,0.5948122360664888,0.3088472985171234,0.6077337188366193
0.6858581639163948,0.3471561716018225,0.4805367371596917,0.6243074009892298,0.617084425506613,0.2064037298596611,0.6533873516448622,0.2783639519930043,0.6500401074592627,0.5986004891054487,0.9255311020432436,0.707328647702391,0.7806753046932366,0.5266357702339548,0.453417625362893,0.4017692987965749,0.239901242999169,0.2421304502695248,0.5827766985562032,0.5322989163779182,0.3501203674842447,0.5619993602902749,0.6887822040322108,0.2125454708395358,0.7140581926899312,0.6142394183189317,0.204065076958521,0.4887100638845277,0.1695385103919747,0.583719111117963
0.2504185796420075,0.7733864616569011,0.4504632099899914,0.2283118993378329,0.7208576948205048,0.6179104221193888,0.7525022306597878,0.6165105340025548,0.683860784583272,0.5244143766821657,0.1151445618137487,0.8392344417747942,0.323006640149292,0.6612077665740239,0.2917621202329638,0.3711612817495667,0.5324287225572822,0.3425401254889791,0.5377005418086046,0.3620995570479469,0.7202036788358298,0.4722968631812443,0.7025266758700542,0.5852431461135948,0.3375245594000292,0.492298500121455,0.329780338913375,0.6797297582320796,0.4390353479468366,0.7853004298531788
0.2902350411174539,0.3654475400665151,0.4530246931429008,0.3092809567017514,0.5076337338196029,0.2847520317007954,0.5151714328574365,0.4545725344895935,0.3079248635274759,0.4829891583371425,0.1511711090500673,0.6813215732023364,0.292533985768018,0.7109618529623933,0.601866057751272,0.3052353957518979,0.3666160117384135,0.1757203188550718,0.3592480489100235,0.3732635091945405,0.4850866046325527,0.6639903709157188,0.6114716096092389,0.2298873213238698,0.6223210158743042,0.3246881846473699,0.2938422377795572,0.3796380556608215,0.3358978056540914,0.4487322384033448
0.307445554599089,0.4225861219971856,0.6004895175338929,0.2605849503965274,0.7882165280647588,0.6197106366959595,0.7959139050398231,0.6504257028747438,0.7295544201490538,0.4665808095575964,0.1210161994357188,0.4790640400567829,0.2271329904600764,0.7333833871672178,0.3467353045461916,0.2704793433185889,0.5196859504192181,0.1820054717891614,0.5296486656570852,0.3379151614216726,0.7357725596966366,0.6119608662840432,0.6847654633021556,0.578943041622297,0.5242269949474143,0.3601913734024864,0.4780147987953899,0.7351694659136079,0.3869585774225995,0.6789121227166527
0.590054757428851,0.6159774555500461,0.2287138026908537,0.6800403994461021,0.510589141983804,0.5526092117365912,0.614369574132739,0.4799973653631073,0.5021684804501915,0.5783354417136363,0.7282110751530544,0.485296927692872,0.188732913001275,0.6163237608341237,0.5130462127732025,0.7637334600186839,0.5019782791924867,0.8418185700035781,0.719849257035774,0.3285093175784885,0.7259916409981931,0.4703330826845919,0.3464648151558787,0.570146695904433,0.4782777332885997,0.3903101631501866,0.5029393672904242,0.2867512820306575,0.1245532905983057,0.5320161426787992
0.5955712340042583,0.5156192575252838,0.6070492425152192,0.3091373514309896,0.5044722157378112,0.5419612751280397,0.5920034295616955,0.5321659192064642,0.4004064306730949,0.5141457260108128,0.5521890498309414,0.2622799460501107,0.4048030842903208,0.6713509756886568,0.3776135972048947,0.4916843658377563,0.5535051973163527,0.3465084374059272,0.5874058001181252,0.3649307913995127,0.83196802387986,0.7332912248057196,0.6407449508386047,0.5535569279176102,0.6216240148385033,0.5874520696633956,0.3515295703759037,0.5474937945265188,0.5644684818183155,0.5247425429294581
0.548111481851262,0.6971337871745007,0.4880485877828817,0.419843644114018,0.5397951544306812,0.4932126935549905,0.5460910763321225,0.4649801480474135,0.3600342022506129,0.5631007663656243,0.5769393628805597,0.6080478796650359,0.4497782243961715,0.7914999334089412,0.3887947791740307,0.4926804852891644,0.5701870275356612,0.4515373631133599,0.6305872164987334,0.4889430562353725,0.5120039445224204,0.7583633160552024,0.528993118089904,0.4899741598670959,0.5783152213065363,0.5769333461769068,0.3479851818814844,0.4888832576907965,0.5233127226275632,0.5041689142904182
0.5543508023838601,0.6143855070783677,0.4253708369441172,0.3526963716456888,0.5931244482862124,0.6121466207214104,0.664664247927885,0.5258217904203483,0.3110844062523336,0.7127371718205427,0.4070300124630541,0.2453689002114518,0.5858222388294689,0.5683956769360285,0.637438490415028,0.5635140492940512,0.514376866168807,0.4215357613494767,0.5570726838114517,0.3074534524114169,0.5414574839977838,0.8087448131104965,0.6042619254517578,0.1431833262151659,0.5814782269672558,0.5592662177120316,0.3669855391727213,0.4757715073138171,0.4945215910636912,0.5575764796518199
0.0332427244260515,0.568687355223557,0.2560419136398062,0.3520312349984524,0.4864770251415525,0.2166258277479733,0.5286320404564981,0.2803732863888054,0.4127637148379819,0.5730586349548535,0.3387685776821538,0.9804548091390304,0.7072226964522563,0.619786420612311,0.71405932713276,0.2133871233886453,0.4048610576712707,0.2013038100339153,0.0,0.4036469601311852,0.3219221316614987,0.4919248176892365,0.5813545985585933,0.5577876719734524,0.3450656392014944,0.3117246433933629,0.2316030345402822,0.4163879434158863,0.4108845468230365,0.4650172635304152
0.7293044488603291,0.4865524925919331,0.8090654184645799,0.6043343568022467,0.5868730495972967,0.4920190507214271,0.681538165543534,0.5716032336581188,0.6556187702256945,0.6411071165802659,0.5182882350562117,0.6545818764627369,0.7217463383735958,0.6021233022083591,0.3707489928406777,0.8060112315700583,0.5676446990309723,0.8402163074709756,0.7644830101180278,0.6865719755317796,0.6577640540835081,0.9313147642451668,0.6246506526564146,0.5701799445817678,0.573986831245828,0.7925951221387477,0.5861476728606577,0.6152619661736866,0.4355498707494541,0.6619838951118244
0.3803183779747854,0.5593048888406242,0.4741289178775531,0.3511623241964026,0.6656594434239723,0.4968385917846187,0.6771152981824373,0.4953288893029953,0.4683142531285371,0.5210291222018956,0.3054048929862942,0.289131345567727,0.4817383114160809,0.7145041596616354,0.5993579301052254,0.5685538459251226,0.5290462859256515,0.4020570367285035,0.6418728287526103,0.2125392412585403,0.6130969919971793,0.7140146836775235,0.3815821538274764,0.4400895149914284,0.7111242319277806,0.5383837088243659,0.3446701542596289,0.6290758783638577,0.4571394716774918,0.633378015470302
0.5911021255836604,0.5369635465164446,0.6296947899690366,0.2993045201962893,0.5285103440878212,0.5456004350950587,0.5097624851932115,0.4261241380450953,0.4832108800605281,0.545318127959166,0.3064320590745915,0.6042392706132751,0.2623660811727663,0.5543517247950787,0.6142160752880967,0.5687452010389895,0.4693149001660702,0.1771021694428888,0.7449583351524309,0.2555889555028948,0.653225371699459,0.7509458005680194,0.609723271971919,0.5520603041534864,0.6435857269311148,0.3719827741888075,0.4116664625846287,0.4627507377940273,0.6618669990000038,0.512227406363757
0.4094139704057913,0.4481170329660235,0.7080408368233626,0.4066642407590788,0.8867134407000965,0.7884086639900962,0.8983124142772543,0.7788322124137269,0.826902785050453,0.6360104151302942,0.2359448928094651,0.4693326822695741,0.6019373400675503,0.8462910449899776,0.6870285986921824,0.5033987560412981,0.6879596094195731,0.2981203068464463,0.6704759985478199,0.4451585512186479,0.7954086600269177,0.6831359698248874,0.765460925221187,0.6899573688435006,0.5714660070921588,0.4721618326519567,0.6998624499465519,0.7953796702773498,0.6228515424237925,0.833023747189535
0.6798651289776854,0.8285522238103176,0.6893799711937114,0.5082290078545862,0.6411582419014907,0.5463013891102576,0.6923833791235874,0.3353758358801602,0.5751387574220782,0.803300610241742,0.8423765684524804,0.90013743639605,0.8112724446478541,0.6004374664874194,0.6425969962964293,0.6273852905268116,0.422582914217772,0.4767003130161686,0.8309348524820704,0.5781621272605963,0.4139071373185083,0.7768304645820951,0.3911697406443149,0.2711451058420259,0.4631030079314164,0.7962115989033618,0.4435889586975631,0.4691137552776334,0.4641598846060325,0.5536154860969951
0.4576445866302614,0.4522447416509809,0.3829927056239632,0.2456884260796604,0.508653675917583,0.2571387908996864,0.4374716790011914,0.4363514532551736,0.4182678334668112,0.2640075975652197,0.3392514979878804,0.6376677744008658,0.2629787379484541,0.6349493820839562,0.2532581182422219,0.3857969267536649,0.171677293171775,0.2357667556958603,0.4487168519365218,0.3931112755691225,0.7008421755364768,0.5509239294715692,0.6472388785327443,0.4524142187912532,0.4025678894130167,0.4129899894482842,0.21018283877315,0.5341720405659311,0.4910138157644231,0.4878352367453829
0.549075804338347,0.5108993202645138,0.5968500000773551,0.5396399871350739,0.8329326102804262,0.6680852581892951,0.8906361789648138,0.6078382449882435,0.860996105410379,0.5794281273950529,0.4381435744020268,0.3605214449285417,0.6202256543807321,0.8348832821698337,0.6205928237480731,0.5265390698482935,0.6029921217457543,0.512603260687382,0.625604728892421,0.3375195243554803,0.8123844384946156,0.6038232250719932,0.6026297595171088,0.6549936499494282,0.6062754319658236,0.4628260492686968,0.536484226524009,0.8099044136366338,0.5065551469720452,0.8262255953537178
0.5262775036499177,0.56854772874423,0.3101595819204301,0.3860900563084408,0.2349726683952177,0.2267690206680702,0.3570421119356883,0.1773777654602973,0.2197789201796191,0.7502908210369238,0.6276408696538625,0.4060003493720063,0.4731155550617998,0.3775358207396105,0.5217845768905626,0.4431726363110727,0.2380894867072043,0.2570523982267928,0.3415764739722182,0.4060223322955427,0.3580281005197909,0.5084768875502687,0.4858004837124926,0.6325908831771645,0.664340827786897,0.674864231988082,0.449624840365339,0.3279930119286518,0.3201756792282694,0.3060363598409752
0.5429166749624603,0.5165599621132055,0.8082979843150616,0.3926078186302231,0.5840182661241857,0.5984534367384051,0.6164322392993837,0.5726359388676927,0.5450828031153807,0.5383170461685839,0.2078718940630937,0.3133334796100318,0.4038553217077182,0.7314821541750358,0.5557859541590406,0.5595897069576856,0.4142199744720628,0.2867855992003397,0.6032908790401208,0.1771136010509588,0.8012783598364109,0.741786728832037,0.7127100432271962,0.6536870342462309,0.4905282535169191,0.47037997809999,0.4081290790656488,0.493139545134128,0.4907559098487418,0.5378605063486481
0.4097022254516809,0.7079208601258493,0.4578202993519561,0.2837491631119027,0.553937797889011,0.5424151976960465,0.643773847719986,0.4701388331025103,0.4372182019467686,0.7302378163801183,0.2267639651770905,0.4185775699361228,0.6022946990716835,0.7361105747967748,0.3157019304393891,0.4591218811919515,0.2969553537118354,0.4297736272829373,0.5105004820045933,0.2215897388339483,0.7082821927753016,0.6676666846809344,0.5611654648671479,0.5010544069989243,0.584267592342397,0.5972441645069475,0.3022780406854571,0.4685127715116009,0.2915211584682856,0.5206891991713749
0.3605097499587879,0.3182034129575415,0.5514563869108872,0.2482473803754923,0.5388214709235184,0.4010847077473563,0.4845044106882343,0.537933199088861,0.3709612370062002,0.4117901319918452,0.1371271688848179,0.3347674788318192,0.2304735508705868,0.5673255111215154,0.3868856231773461,0.3139839739763944,0.322268356018352,0.2702243121344481,0.63627318353033,0.1877594774102508,0.5425094072629735,0.599983439887017,0.4565363495680152,0.3933313878517091,0.3774417237836566,0.3942322860375595,0.206804087143412,0.4940031951589491,0.379064430907308,0.4930498835919278
0.5319419075667311,0.5922795083641925,0.3425692396311695,0.2771806399010392,0.4972918370420291,0.3049337836589545,0.5458771182291212,0.3789932616120195,0.5271937116297125,0.6629192387876638,0.6954057343528188,0.8751854483630667,0.3371167669101854,0.4576957335111646,0.5005141777529327,0.2576311592383637,0.0813728326969737,0.3901776597394593,0.7181058784879506,0.3297582438441281,0.4525713248776394,0.4599851550435254,0.791535631936596,0.4476560654784709,0.5228909916358373,0.5308663881351272,0.2359737425149262,0.4399048299050179,0.2714572699051797,0.4727002728499274
0.4061800633884376,0.5883921134230934,0.5589964946214439,0.4286386206047544,0.7200967955092985,0.5717941198199223,0.7609978055130072,0.4982785953455617,0.6953456219394281,0.6761050260116171,0.4087670668335221,0.8039841336738135,0.4818069017641622,0.8230307334305998,0.6667127641564494,0.4818230212620588,0.5275025968369139,0.2997870385384756,0.6849930602199918,0.2258753019002823,0.6591077332829792,0.7894907077735319,0.587434290543542,0.486283750127391,0.8162839527431424,0.4366494365009536,0.4598953454282692,0.6112009139959802,0.5017152134254134,0.6606051177027332
0.5532454994713913,0.3554256833128675,0.5715025561998512,0.778622916707776,0.0,0.2925553428247476,0.0631124283129284,0.2870884949763757,0.0266235758698743,0.2891623960496569,0.6746344945275657,0.8715274898677093,0.5265700264143467,0.3916790231008139,0.3288728336494257,0.1639433327513102,0.1618421407263011,0.1782503149915032,0.4585138424287187,0.3670131728190105,0.6542200538023364,0.5774065197840537,0.6341032276693045,0.6813949429835456,0.6597394504631805,0.6426637406460172,0.2438723573067616,0.0077135855987092,0.2422510498268969,0.1461211996909408
0.5138522665544907,0.5147293092031227,0.7817060654605705,0.5879054341089454,0.6203427215387749,0.5837012586015183,0.6869700467912644,0.4703604514929348,0.5430340532369626,0.5682353616672532,0.443440714189016,0.8943870747465846,0.7768252023920752,0.5208451452012457,0.3643695624838746,0.4796533948044083,0.4106342241387316,0.3285075951127703,0.5166027108502297,0.8844169788621976,0.6526428583449124,0.7824022558287869,0.5275985554442595,0.3748215691427441,0.5672985223408006,0.7390592704395715,0.5055629161022085,0.5711288908437444,0.283282035043006,0.6273216039931747
0.8163761944215202,0.7413957432720126,0.4079597451509588,0.5601266053062086,0.5410042245305406,0.2716874897342914,0.6316410672345638,0.6326789591111479,0.5448611629096747,0.9204103943300996,0.7964904690137291,0.6231353747349481,0.8523161134246862,0.5107032362349688,0.6250645702970067,0.6244144782965086,0.3547402717330723,0.5658546800640533,0.8314018929232387,0.7764485581571254,0.6231116051751937,0.50624732857019,0.5960706171937467,0.0328385139391237,0.6679558268324979,0.5829871967667128,0.4026098332057874,0.4324831598258558,0.3701208070047382,0.4689071524055854
0.3770012236007571,0.6003767430179732,0.4530396036030951,0.3385490693233499,0.5785249091834225,0.4716739797588495,0.5895628849240598,0.5182273724753543,0.4825223132299396,0.5988698061833765,0.2053460662382311,0.3007764872319088,0.5144767131129278,0.6232944682460945,0.5053818945938845,0.4996616792594767,0.2372280199248442,0.2638155820517371,0.5705942747105028,0.2347716755763692,0.4613021894215308,0.7196467112336123,0.6135483319888139,0.4408121181091697,0.4494962119244959,0.5348860887056133,0.2925740683358542,0.4723542496623445,0.3535474901719214,0.4568567564846804
0.460092178726297,0.4488311892098995,0.6966252937352604,0.3627734131405675,0.7226444190912008,0.6664411129870317,0.7319934351093967,0.5789971296263033,0.7065618101031301,0.6039274336237038,0.2428640927318293,0.7096684178962611,0.3638551694056898,0.6454090375847996,0.5959072069207864,0.5091463627358218,0.6332282229948858,0.1089905572444421,0.5083770018145999,0.3250958084741857,0.7646701166756789,0.7787986157177309,0.7780255287323928,0.6966195411548877,0.5900037046591113,0.4119086511710541,0.5591434548463872,0.7177873794980045,0.4956720741352677,0.7388233026062129
0.5861324593328383,0.6177334350186041,0.5049360648148388,0.3753060340176193,0.4252361925413818,0.4744334945739764,0.4443674631284771,0.4278589116342355,0.3282956404996121,0.4021186460534437,0.5750068163907518,0.723771105174268,0.4108664538014771,0.3981449973579825,0.5931221986115343,0.5944616567354741,0.4765213263814191,0.3959339073860618,0.5180556961684102,0.3944381286110406,0.4211593480438941,0.6879026565871403,0.5476831217285616,0.7021945113899571,0.6468944736938669,0.6015528339916167,0.4344435228797357,0.3454372343349647,0.4829474372838261,0.3681871480480059
0.4665740985895192,0.5412846221790648,0.943596007685763,0.2991683725051304,0.7086442589042796,0.6170178404607765,0.7216426669640031,0.4856234446810541,0.6498671707346291,0.6750161480230198,0.3185916190831728,0.5999305258485813,0.4277892101099712,0.7762300300993866,0.3848844859141679,0.6018178080258184,0.641223134372612,0.2955917917378146,0.4460037291977369,0.283759421291831,0.6244118784105757,0.9302606004673172,0.6827976527933082,0.4732219693453793,0.404580818178447,0.5146300949169194,0.4647104732161079,0.5993591926072157,0.5673315472199506,0.6469958019578094
0.3270483661751744,0.5725674894295008,0.4459683305650607,0.3367284229217461,0.6276230991515375,0.4666776410822035,0.6675969409763467,0.4361765245047062,0.5437141349012329,0.4745559527672424,0.2148977262397213,0.5619685110520233,0.3365262486329622,0.7742406102122013,0.4125613564452055,0.4815778374102775,0.3796211607541834,0.2638055507814794,0.4035916550592029,0.2461104351703862,0.5483291784155794,0.698283144056488,0.5162358784201192,0.5499228831094358,0.629392394430645,0.405232649717641,0.3468329249540295,0.5197826538195639,0.296258756619166,0.6307999876784659
0.3570449928732719,0.7341271709937516,0.454949991527154,0.5781505734120247,0.6753424570662878,0.4627424884909528,0.618595355471973,0.6072996483392517,0.5661492150380022,0.5782715785184495,0.1841980787380988,0.812747386506602,0.4404434408742331,0.6820801614752534,0.867476063590457,0.2974112080598512,0.5063448298963583,0.1465476445132963,0.499089328948408,0.3596454162453418,0.6417871479397592,0.5407078188765411,0.7567608689943881,0.6355629486240907,0.498128072391127,0.512672900031369,0.5739244110758951,0.668873654593017,0.4793227295696808,0.6376644208753045
0.4335313263251088,0.4974053918204322,0.5381811831504308,0.1414439690692358,0.5874040459305003,0.3732417863994842,0.5455000913261683,0.5850647306923449,0.6009901674588255,0.4782564048301282,0.2691205924124533,0.544569463633986,0.2330830885851724,0.6116870205444855,0.360716720144169,0.3601901944873707,0.5255166501753167,0.274923825861209,0.6115957994772545,0.4475275175777205,0.5432719022643248,0.491340371491101,0.6669243774789492,0.4868959709144616,0.4580579886670873,0.565308452031815,0.2973162456814002,0.6126268674642757,0.4425845671617515,0.6145102399847787
0.591929316327416,0.5064520230010396,0.5353560278677918,0.2832416754182152,0.2008217372641885,0.4479102112901811,0.1457216218613918,0.4340604207874246,0.0134311996668921,0.6971720639562383,0.2957500801539088,0.603319517674858,0.5052281015672055,0.1148575143478891,0.5580697639761673,0.5171958855063432,0.1300460156738632,0.4409378655910554,0.3855095384487157,0.1399565743708292,0.3421689161854382,0.5399635100031799,0.7349165523816871,0.0814603985672077,0.5693010781652583,0.4324195194100202,0.291870663783774,0.2484726363193123,0.4508232733533736,0.1961911378554204
0.2812443534400863,0.632891754159755,0.4842209683823106,0.2548382893542802,0.5787029323165576,0.5822067205316889,0.6168622748969617,0.4160686470631414,0.5166545606529699,0.6201975868290793,0.1925701987752872,0.6426106616416074,0.3624572517158715,0.7049435069961427,0.4007227904205094,0.3730365043681461,0.1524805000986556,0.2498581578509193,0.5288605562511381,0.1511275197058808,0.745108297899404,0.5562691578129747,0.6366985277403214,0.5380566033390072,0.6169807799929046,0.4665388862949784,0.3244722288672788,0.3690574145163097,0.3514741177551924,0.4699258628753633
0.7647380701700692,0.6043483494592437,0.478774546289149,0.4033652806783865,0.5643170747816736,0.4748921726215878,0.5035482948739969,0.3789021541220362,0.4373335173785779,0.6251090377320491,0.6390174461329567,0.6998718061460355,0.4273424134896461,0.6833327824027078,0.715472449847626,0.518124651023642,0.5829108006678332,0.1973789275834413,0.7374846316736864,0.3400779250086826,0.8352750943295494,0.7597908483591688,0.6847538609240845,0.5279468408886614,0.639469289920035,0.5315362051477543,0.4787601336901345,0.5473981338226395,0.5123303541044829,0.5497938016402646
0.5743904424479644,0.2585520229104316,0.6255805933824412,0.4475181269787363,0.634573043310622,0.5495415090808357,0.6308944660218214,0.5996161135951467,0.5467557818224558,0.3890567671584281,0.2901596390047536,0.331353706952052,0.6463624132737522,0.7165176211294115,0.3551092804613466,0.4381600251927899,0.4662911246292092,0.2495801748043944,0.4454453723112799,0.4560299259864434,0.6235674019907358,0.4542620978853048,0.4829208216919483,0.4586574599755897,0.3691189013640369,0.4374123186331808,0.1434486251104338,0.6646596550044684,0.599720985279475,0.6156193937933833
0.1684500054678148,0.6841419715243768,0.263023597659162,0.0867033944145677,0.5612522167541665,0.327937523786145,0.6190797030424788,0.2536876075746473,0.2743164640846944,0.7251129155310333,0.3198832186000602,0.1638405007530926,0.5850625741590176,0.4305092374086501,0.2423538673529011,0.3517475914023222,0.3208665749326306,0.3392914920488515,0.4437262150440582,0.450004346093673,0.6188431463124647,0.4957456066438327,0.6078573307056674,0.3953626179442791,0.2749021724980043,0.5672389778579179,0.1960568520762834,0.5816333509043043,0.1609767229780011,0.6415885066874851
0.6541692967331527,0.6579933588227442,0.1793449678875906,0.4394805129003534,0.4484785053329151,0.2799752195438225,0.4941467792510298,0.2374941720268952,0.4231610744253544,0.6827615479604866,0.788476928075847,0.8447028338778638,0.5930666521967565,0.4446490680805117,0.7364519794633195,0.4710019873726204,0.0296404974067568,0.4342101522864779,0.8327015963569466,0.7494861782200681,0.0324678752251459,0.3648220827881592,0.2901829139411596,0.1300716991734488,0.7558401024669017,0.6320061740314928,0.1141738511722988,0.3043215811275644,0.16603651015157,0.452373388350984
0.3902924796270151,0.5565746291498521,0.3462452433963516,0.3025010701351048,0.4984341348517879,0.372077244092699,0.5043374623636135,0.2890251361411147,0.3293113123136224,0.3752174273566405,0.4342681866628,0.6614086601767935,0.264755557372957,0.619102563545559,0.6013059339620102,0.3137596722008935,0.1607607038627867,0.0582989902982668,0.4648317655019113,0.1553885549985394,0.6189522241973286,0.4769296342228282,0.5484011932501475,0.4367694090636091,0.6104892457863348,0.4822795505540265,0.2958076177461117,0.2951698643747727,0.2536688599235955,0.4898534633950299
0.5413838346126747,0.4811063344288016,0.3911605820923474,0.2656160674153843,0.4694452172062999,0.3377452889645446,0.4747450499683573,0.5382957682708394,0.3251470227808808,0.6014844896245527,0.2274446385507122,0.6704306950681601,0.4507919566665578,0.6186659253086315,0.4664553090882198,0.5215563808823356,0.3374363113350707,0.3055643684354833,0.6947417570351588,0.3630475285097606,0.4379466845118204,0.5911948481147477,0.6133378323187065,0.5062968926279818,0.7423178009147571,0.4066622587528845,0.3896381044775938,0.3592494571929502,0.4883833267746905,0.3169119275005235
0.5662606662894165,0.5092419440297782,0.3889548341121052,0.2562088519657998,0.5374304836427741,0.4531118836898502,0.6293267156789266,0.283853658241597,0.5553652222181449,0.746273525726643,0.8441977119751551,0.8042576883886935,0.4768858438088215,0.6459986245196658,0.4100304169801251,0.4299834579643789,0.3932898865845555,0.3852726458672228,0.6476618693521736,0.6783945092288504,0.439352184931714,0.3411410505496821,0.6127876757579573,0.5984922220071293,0.4469266515042109,0.5890810640008297,0.0553875437834633,0.4697072790148874,0.0652614952701026,0.5210006972585728
0.2251918799196011,0.4804092913456563,0.4689760799038894,0.4258397923467282,0.5080288136031602,0.274443551264666,0.4712462875004917,0.5465751072090133,0.1806150576668554,0.5368305463492135,0.1155906200331069,0.438193134027775,0.2990824062329467,0.6375058899782804,0.5330269025100937,0.2461153338762464,0.2972808891566165,0.2399148419863627,0.3625329415640308,0.3157269888432668,0.3493907832492013,0.5399218494761567,0.6253433590881687,0.24096238505687,0.1813985982236392,0.5447323882861153,0.4241095232205449,0.3888580117889419,0.4178926821080987,0.4005070438840348
0.3612326147809239,0.4192346529661814,0.7896204317157933,0.2945154036096877,0.6652953733311306,0.6154088489416429,0.7038538595279359,0.5559907369261441,0.6318424651163621,0.4260580572153362,0.3043569558547028,0.3423360698581463,0.4524388125266202,0.4595182884306306,0.1391864913619283,0.2708590820244329,0.560227958100695,0.3440881105998295,0.4586089347319567,0.4352369516998349,0.634739498661492,0.7918421874637885,0.6852017555441273,0.6575054830821263,0.379457229909694,0.7165166764929125,0.4961334847665435,0.6828344060516128,0.4017455991647115,0.6982978696258278
0.6254979270022296,0.6922183448412111,0.4216772266456762,0.3609231154063758,0.466913135843669,0.3084001144314344,0.4939992209821301,0.1283647442713762,0.4470236781702926,0.6029764019503404,0.3205714848987848,0.817268702531507,0.5222476133001022,0.3274538033458615,0.6009041663123145,0.5625396998801594,0.0887666193018149,0.4477455695437927,0.8616415268287058,0.3132441796214169,0.3105618835872721,0.4335188944214978,0.1102939116001089,0.5704807888782966,0.5811468457003739,0.6981045217097717,0.45799040484762,0.3880529592865509,0.3057567523566399,0.41767376824601
0.3958099127260635,0.5070352443794723,0.7822976852932986,0.4551402372273874,0.806510573103355,0.7575146578284221,0.8060536828610938,0.7696007143016141,0.6757701659618898,0.5610836903486575,0.1494633499293398,0.2905578455481065,0.5309795739645391,0.7879037449824012,0.45788852182413,0.5423503697619755,0.6846314127148415,0.2693627490439753,0.5306899124322423,0.3330200079172588,0.7444490828771472,0.7367507316512473,0.6058292504314928,0.7332920434560204,0.3648851932725235,0.5377047982366554,0.5649601820751516,0.7846292154910425,0.6952357187679356,0.7842407828239811
0.2189197987861117,0.6624507392707915,0.4201662682855452,0.2917294111680445,0.6504974070720089,0.4676454714388173,0.6815921450497178,0.4391533704235453,0.5634831297128222,0.5122515696551097,0.2851064503613894,0.8219512908298395,0.2733243762334264,0.6446263798668139,0.4177572148389492,0.3007856414525762,0.2998961337244389,0.2488550408541058,0.4573160526891486,0.2868400047225116,0.7498140869511289,0.6802277652338863,0.7836784650515622,0.5007364854771391,0.4304434754804947,0.479339156358991,0.3590168442558809,0.5365535759213028,0.2933095790302392,0.6086277812746024
0.8351369987449879,0.880794153671403,0.5404789434823234,0.3842653619042748,0.471282188880646,0.5331342118726766,0.4822764345457809,0.4788017419569967,0.4083196342055496,0.8916018852097308,0.761868845149182,0.8472716053731674,0.8578386818009873,0.4701285277789376,0.6496808961100471,0.741833256483805,0.454102853108026,0.4473472664616719,0.7177759885047779,0.8206133451595408,0.4035475036540107,0.644217006366285,0.4869569844663953,0.2359505295345949,0.8491565938319758,0.8494810124296921,0.4915360637152681,0.480540578232296,0.5423682683238499,0.4957699622397611
0.4753627943151908,0.0,0.5703455634455119,0.5494808286433724,0.3577121530239415,0.4045705022968422,0.3256159885962938,0.6048859741260838,0.2134152149509169,0.3113813358860243,0.0718722252743042,0.5292781028462455,0.3200686139152165,0.799776560219614,0.5595623372364575,0.4167701447438269,0.5720149485584043,0.3965088818898115,0.2525916056029515,0.3310772267674667,0.5161737363466724,0.5627236413414659,0.2180261838344298,0.2960459462352734,0.5877137128184372,0.0,0.3634002515311472,0.3041822023758241,0.413434961558616,0.166398217813621
0.4282220966985368,0.4801440523390963,0.5057857925544588,0.227635946499719,0.7571219501764213,0.6482373376003555,0.8210642527727724,0.5162782442773294,0.7929999005398405,0.5875216914342153,0.5199871955049902,0.9263088561678468,0.4887167096552121,0.638520455448506,0.4446861249471505,0.3329405320727702,0.4301061765332152,0.3061319703177489,0.6039996745578914,0.535487778886701,0.6506732896946461,0.6264338548255298,0.653355341214914,0.5331636396275801,0.3173934988521058,0.5471440306713224,0.408767309066945,0.6800919639882474,0.3036882777527058,0.7554115626623013
0.4318603509561394,0.5522545907759686,0.621067828798822,0.4180971750619441,0.5392001333197911,0.4723207556987627,0.5699326296748596,0.5088107257056514,0.4619022419635747,0.6114037862484131,0.3406898281164938,0.2595000133925683,0.5657523552867298,0.7938213400086845,0.3432462797467312,0.5024838379141229,0.3484868564879801,0.2882360800123468,0.4463007583704695,0.3382706658324623,0.6579460186971918,0.6831375990970711,0.674914341637374,0.5322659405811643,0.5286455263020271,0.4476257441139022,0.3989272000669868,0.358539623521098,0.4389999339615823,0.3596753771731601
0.3072473523807404,0.5056838136008612,0.710707090467487,0.4046614677590959,0.6949594253037563,0.6772726672374411,0.7208866652176247,0.4948243789813323,0.6236926958090805,0.4091139689929898,0.2538759148468912,0.3138775928282972,0.3729049274863671,0.6989579151054706,0.4640307956410242,0.4011134078924356,0.3402185357569111,0.2037376053625406,0.5452176962520856,0.2325842732092582,0.7506610742960712,0.5432539076180612,0.6272088265724484,0.5787102249926321,0.3411755969879017,0.510197510766935,0.3799884737517664,0.559008007952418,0.4308992831510837,0.6132196758148465
0.5639770506134276,0.2852166723403528,0.6690754779652898,0.4627168949230721,0.4781828353076294,0.5531046595533161,0.5349192317964498,0.2652404759934121,0.229586978652542,0.3658465672587746,0.5045582218415154,0.9258880791152372,0.5917384142680846,0.3730742234011447,0.0240589377310514,0.3511606826851468,0.3836555881464105,0.2972633143319853,0.4049676887915822,0.5153183401666181,0.6183902795025085,0.6860285156274578,0.5903721449806582,0.6071135859460437,0.4205911737320797,0.6983472389009435,0.3723415786875916,0.461663399823857,0.3702029940375634,0.4449529793535157
0.502129356041769,0.3844775724980138,0.8996407839462963,0.290956831776246,0.9159933678644,0.8956541004608166,0.9681916083696486,0.682651060233955,0.9079421611923028,0.6113414902289508,0.3144778723975328,0.3126719646310482,0.4548672277384772,0.8252085354258689,0.3948746290183993,0.6237367633305595,0.8634394305008596,0.2614896826023,0.725397346226732,0.2635849539444008,0.8254325369991338,0.9245707095255828,0.8633632789479813,0.7952069878093839,0.0809449269102782,0.4776372832385549,0.6628535710873957,0.8355107071942817,0.7628677181544928,0.8694143527538927
0.6411181661816696,0.2672356198480892,0.824981966155891,0.6045827755431921,0.533371286459581,0.6734194642190785,0.5722536322682098,0.8806752354936064,0.40433882095521,0.3550406464135541,0.2907015812930547,0.5623868086100197,0.5645935532703461,0.9474523189837176,0.3661119018494808,0.8058254362327952,0.689838473552553,0.5949140125373096,0.497351780894347,0.4027844743916678,0.4748971609158552,0.5283652357539673,0.3753310065356395,0.6766584620223208,0.6371174717505803,0.5108346403277593,0.272364866309039,0.6259456375302874,0.8670150673139488,0.4418374139358396
0.2299822094913182,0.5650628163647027,0.5403021284658822,0.2902874402034479,0.5962621297774959,0.5208617786485399,0.6783166517473008,0.4199438941176214,0.5021397580238587,0.4865454314394702,0.1501382757519036,0.7126056186631994,0.2415980724266885,0.684372977133171,0.3651860141596284,0.3912353283167264,0.3868583145858156,0.3734637213099387,0.3630862322085347,0.2558370885953493,0.6494746659760395,0.7258826627476778,0.5541177740165069,0.4177029483965447,0.3921106515577485,0.5037361914495906,0.3255280885757683,0.493060690356928,0.2130746210389295,0.5552523970794114
0.4931374046670425,0.5982696074238567,0.6646722731653145,0.3124031271503522,0.7173462430508206,0.5456768109883569,0.6741963751810405,0.7496851720296944,0.6195625975062757,0.5894680371187134,0.2278246438940985,0.3792453892424441,0.3509119429788587,0.8122737529270776,0.4669068979604823,0.4735198639595278,0.6836660448633788,0.297950234393215,0.5388999813438672,0.3190498043499029,0.6627006746280337,0.8451221176629573,0.6007304694189731,0.6248337950744214,0.4905735864039962,0.5091809998275842,0.5087833266712518,0.7268238056269614,0.6254672384130339,0.7050678968151992
0.7639627862936103,0.5938879819332925,0.6695710626949944,0.4630310687945931,0.5504416667401653,0.665635610298033,0.580381433154432,0.3581269286944035,0.4465162219495626,0.6590676677218389,0.6149974496057924,0.8081704867999585,0.484426954596189,0.6271423130372438,0.5171244788558103,0.7002784975780261,0.5167756391925947,0.3545193874183374,0.6734323128078719,0.4506428951202411,0.5583073557134084,0.6774496832634833,0.6774586954268702,0.5349360529066136,0.4208898085970924,0.6519394489855117,0.5860503157286732,0.4985318887706375,0.4922896034004865,0.4715717155323787
0.1547864767185598,0.6262680617197409,0.5137922239898138,0.4190977878312256,0.6268343345055496,0.1876629600417757,0.6741158849501635,0.3073809229629802,0.6095039924309913,0.5411981944179908,0.5894520848183911,0.8808342416016567,0.493975271166498,0.4837040452055675,0.7320023653154974,0.2389286403208714,0.2070266933378926,0.120319207302531,0.693799101023916,0.2350672974289401,0.5572112909948244,0.3368725954329221,0.4641983277781131,0.4978590646108849,0.2923084472932455,0.3350287135193368,0.1636328013177843,0.4977959431084177,0.1456460343929858,0.6161918410764259
0.282176093391087,0.4689214672004231,0.8399357072733316,0.2177679964541062,0.9329161192992668,0.9782366300351596,0.9769115397511208,0.8012615480407762,0.9455991749186612,0.5424752243734835,0.2443647461542424,0.3130693309267711,0.5229244394846115,0.8094410402399772,0.1844516960893504,0.5609617810339724,0.821991116666713,0.4178934893508991,0.615320492788008,0.2875517245231487,0.8401549130190713,0.9230096670102076,0.7470754272502451,0.735709133640142,0.4949054406841888,0.5454085763857408,0.5911248695711474,0.8781874792391297,0.7691100632320015,0.8512860518330274
0.3143298439687025,0.8160252066667812,0.4923471402894865,0.4380343010052763,0.5555224181979166,0.2870410773010258,0.5338619135322829,0.5385046434810988,0.5272709237475545,0.6475316807717416,0.3456214182540891,0.8978212845712094,0.9285486331148598,0.6570840207005176,0.7395441542289175,0.6106054481686489,0.387194253972387,0.3069538060267211,0.579134801960813,0.2341648925997299,0.3985890572360235,0.5157345706057984,0.162755191059489,0.4004908871741545,0.6211654826232496,0.6448710913901328,0.3555171204979594,0.4637631636309057,0.4487949319742882,0.4802381435613763
0.533820927301085,0.4397420317017535,0.6412865767184428,0.3952828565670816,0.6393802615425325,0.4444640066855011,0.7389144735365685,0.6054036414815548,0.6978380205028377,0.5297465733934573,0.3926311985878197,0.5712434443922587,0.6855214630141717,0.5851741762042866,0.3000670687423958,0.3780730724105668,0.2865933044506429,0.4188530799775015,0.7526032163142514,0.462652918926028,0.7739845890738407,0.4376743906770298,0.5097076845575504,0.480449465732596,0.5855438064186844,0.5237014888466336,0.5035104770329222,0.6152530840410145,0.3621548866933314,0.6482698368569318
0.4652219704943059,0.5332602890115639,0.5611879045293464,0.1358689943204431,0.5034261050568687,0.5234496851114986,0.5178567032427747,0.591956362861822,0.4085116930480582,0.5175790822824952,0.2865388554318331,0.9587932282959828,0.3601278836098185,0.6426657614039024,0.3512448079056692,0.2873923542638851,0.2951343600945908,0.2699755752407642,0.5516852097608699,0.3968841202037127,0.4648794203570782,0.551302602333809,0.5761458076493672,0.3794321115103496,0.4373049785646284,0.6382327057928896,0.3143263226309512,0.3831045049237728,0.4056222331784053,0.455017298261093
0.7798490302076002,0.8391614684526942,0.5862545289530857,0.4548425074463202,0.6808325921177644,0.5699265818400199,0.682661695800024,0.6608829965458435,0.6450405006552464,0.7147474950464855,0.5742633195470075,0.9394035518654248,0.7000341475523544,0.8887561781037098,0.7138881796748787,0.5170483196208591,0.5514861852615022,0.5646528646305206,0.8139578066366725,0.4101269774871769,0.8193656108835847,0.6563758565121847,0.7773802898848803,0.6021504421034576,0.7820672826134625,0.6546255748261427,0.4255356193700156,0.6341352533412621,0.5729031977335418,0.7144876453270179
0.5091289992993631,0.7603432949559759,0.2077135809697377,0.2131054461395343,0.6033187309291657,0.2165560698376425,0.6565264493297619,0.2715969427887248,0.6232090142478829,0.7164391171325993,0.4872237359477587,0.836296086432012,0.5624366119044895,0.2222793261520389,0.6392906454884438,0.2894567813150846,0.4821671638354134,0.2921840595079928,0.5101684055660234,0.9384032429661446,0.3543728741552571,0.2672538967921872,0.6902934676431343,0.159409244097131,0.6547937824916807,0.6432010323578763,0.1773573596505459,0.3656538852742817,0.2156551891128971,0.616422367604281
0.5928285377467848,0.5765662563742788,0.8601684974078418,0.3656014166091271,0.6678762069473663,0.5966526652512298,0.6512659590548794,0.6287828707971604,0.4431905538381857,0.6188507474548949,0.2507815384945178,0.5442002285941895,0.3660546489073644,0.7766538835249032,0.4893030013986091,0.6174109490289817,0.5324597503814421,0.3696735024295897,0.6644400609440497,0.330807415533964,0.6692912460448359,0.85207744001795,0.6979159232348155,0.3803455629411397,0.6078952301439187,0.5101687876040757,0.4445133651591409,0.5741232238959181,0.6083565104509153,0.5472300909143885
0.4472000124636444,0.6678012782501832,0.7557245498416947,0.4096399928837683,0.8085876616949039,0.7854607282772634,0.8132715353607018,0.8198555132917961,0.7288083331944664,0.5457738680606484,0.1370781747477245,0.4041632171607408,0.4256409840240694,0.8305521716796859,0.6289353486754461,0.4822241461914149,0.8109714275154764,0.4279457542531522,0.6091404964410119,0.2542026339284425,0.8804186275342656,0.7408391310717106,0.779155388764722,0.7425574919267885,0.458551128112617,0.5956967706490792,0.6520488255698396,0.7931332558372677,0.7555002515318993,0.8454701971036781
0.6875462852857093,0.6383280968368128,0.6363469529411232,0.2008798138260804,0.5373168611796826,0.5515806992610115,0.4770590626659171,0.6066174680274597,0.4651980914680725,0.6057541976533422,0.3695778383126735,0.2791598755212416,0.3394264110457409,0.6321374045594301,0.5180541079964197,0.5386753015477466,0.4599315195520445,0.3630312459088431,0.6041912011518793,0.1969540395064291,0.6184689017991762,0.6388567945631904,0.7036706854822083,0.4552856559313464,0.7112709078095019,0.5172260012172922,0.280773364514837,0.4219621009562363,0.6026893493684345,0.4593084091164057
0.3855696030742834,0.6031332609789808,0.5234298604583699,0.0819478847450591,0.7303125538513021,0.5817559957769384,0.7357190720893343,0.5418847197718023,0.7086364103606848,0.6583435705084449,0.2620968317743095,0.8304419273044593,0.5533670179626777,0.6347036860877082,0.2660986093773785,0.410126477971199,0.5542477886591689,0.3715550278433327,0.5973722862315898,0.4580680282136425,0.6524145531896227,0.603540729386937,0.6298246650731941,0.522467516884525,0.3901804665741928,0.5213099075133851,0.4792223803570365,0.7203436000628634,0.421424018526373,0.692712158902721
0.3677415772877095,0.4491963649024089,0.5853696117230534,0.477144475969505,0.3963080878417109,0.4290119521162764,0.4393157783900018,0.5003233075836132,0.371424314641348,0.3796758779179799,0.265716853905914,0.8002413555913975,0.4745684316553042,0.6947751131605385,0.5075137924010131,0.3095209943754254,0.3048678888774686,0.2462554852912489,0.4912772141797128,0.3447733563554098,0.7412062460576528,0.5854372107474076,0.544772462168536,0.5341301073059179,0.3214815347819592,0.4115047110113117,0.3573734274232732,0.3077622854707327,0.300719011324,0.3088652431980328
0.772074608038493,0.5430816196446293,0.5144625642367336,0.383661630520515,0.8086990441084705,0.6678583100954733,0.866403558940562,0.6614344417264153,0.837466417817408,0.8418471009181122,0.4567275142982294,0.1806048399092943,0.7112403769974349,0.8757126212482728,0.4591079356502264,0.4354772674476881,0.7173449457049536,0.4507051595492535,0.896010415003811,0.5092412978204388,0.7936384100263273,0.7326978172125319,0.9617140712998704,0.710382550892521,0.7106183090825278,0.4165047277161964,0.4683908598489323,0.7824717184490098,0.622969724501384,0.784146184149958
0.6167966106363834,0.5218798081307714,0.8338918485882505,0.4553649415574137,0.843923777449064,0.688693000018229,0.8479890438500122,0.7095390107640105,0.8189136671307881,0.6465036432437695,0.3396411497001583,0.2413688794485523,0.6135388510294926,0.8013957391073301,0.4384351290399325,0.5840734840697711,0.7946164399277372,0.4592354448219238,0.5702972500311868,0.2867048697845133,0.8803850478300941,0.998106597611926,0.7872287676140545,0.7912135156118256,0.5110478628711894,0.5440478474338037,0.5579749603377746,0.8773013642094224,0.6749126995901341,0.8519138603941425
0.2881721029161446,0.7824336905689511,0.0258560643796301,0.2559201638354753,0.2035332817904044,0.3342172181132353,0.2772546423612255,0.4056080051513575,0.2574468661470142,0.0,0.365808634921881,0.7034646752237647,0.6712338294224462,0.5524782027891626,0.4978548434462024,0.4918905394062678,0.2849108431367821,0.2050333942016295,0.5409760983431166,0.1233574203155085,0.6743312097982104,0.5677585042901636,0.7971322498841832,0.6099604078838264,0.4747781853645355,0.6411727513363084,0.3797543696080871,0.2385787963195972,0.1496389830366243,0.1620750601442183
0.2021431804378655,0.471043426313614,0.9311875401288716,0.3783721013562378,0.5687607110538346,0.6270395899293526,0.6443877678595419,0.4494547101777886,0.5204317518250317,0.4463080566753171,0.1089958901536367,0.567386528380886,0.506895264753038,0.3464217364144067,0.5158184086544784,0.534614587363101,0.4951588266557206,0.481711790944743,0.2361162260965083,0.7805576355955184,0.5118331507167979,0.5583282317779847,0.5370806119093464,0.3890326658276359,0.5381668617711174,0.5904147238042483,0.377733452137045,0.5020790553200493,0.5246066884073562,0.6118669760838388
0.5674915045252331,0.6132704482519791,0.510852590126063,0.3514188830190952,0.5382899727852453,0.4243208323364671,0.4653648859016372,0.5345260771272274,0.3953740334435701,0.7785741445506319,0.4460675472770243,0.7585363002627227,0.3771034604144938,0.6560561743559081,0.6750467725148235,0.4119942729829111,0.3495039940011711,0.3027880068035168,0.6973886295999766,0.2849560194246012,0.4194824490866147,0.4584915659491695,0.6897726776615002,0.5430294060201601,0.7348201444167419,0.4184086451545223,0.3491264979763927,0.3736975599355148,0.4412997905006165,0.4308726395922582
0.547567376546606,0.5594695306020272,0.6941688278610809,0.2557240713234037,0.7790636412970482,0.611800102987417,0.7265373029346203,0.6958219939247969,0.6797482686146872,0.6275755989193282,0.2416540258335329,0.5969182240063421,0.3458576256478722,0.7886462877128951,0.5409997736053239,0.4893438676594904,0.702818916396526,0.3612741786645518,0.6383396834762636,0.2757071611454328,0.7326961441720832,0.8217680004197142,0.6985150251434784,0.6849879040766662,0.5632466268196765,0.4156683030058878,0.5201425985775365,0.7704210027933553,0.6378467461451588,0.7160743118188623
0.6318650878218668,0.8853770783881645,0.3069061516854764,0.750551937252791,0.6223945150142338,0.3986390190087169,0.7319413316143547,0.4799377233328679,0.581556309778785,0.8294675318286099,0.5482914904321186,0.8915160518459185,0.7207158800783124,0.5116999613855019,0.8106606228200195,0.8546072039447195,0.3586694634129382,1.0000000000000002,0.7859447984026865,0.8951661836840701,0.7533883936048177,0.5125329049720541,0.5915970519625197,0.2712174933584711,0.8398111249963891,0.6604331005806279,0.5824284160126427,0.5070086528751465,0.3205065582538599,0.5722579123609552
0.2690683458847427,0.692723637222513,0.1826544136308137,0.1343591131616789,0.3607144992197326,0.4643762724069408,0.3432192812600966,0.1639287841020314,0.3850388702561074,0.4471614554338475,0.324329446479042,0.4580146201665535,0.2715097629007511,0.5580045174574675,0.3091685049299955,0.422568358575867,0.1337313977751076,0.2322510841321445,0.3796978248666283,0.3299166838817917,0.3959155916641604,0.4695902069463542,0.4723125843454014,0.3462740793926747,0.4848418851613874,0.5432098299144843,0.3118434014547241,0.2643477850019948,0.2173122330847855,0.2760985873182974
0.2635466412972382,0.5059821974348933,0.4048226073654573,0.2003265257505246,0.646517078250203,0.5223615360643132,0.6749073748387524,0.5206078686293266,0.5636067403254215,0.5654452290702393,0.1864861446239427,0.8135765747648206,0.3236545300296589,0.6716606876029088,0.4685253067657118,0.4946515636843471,0.5069825228051633,0.3724658868601214,0.6195411998106723,0.3827842824371084,0.6910540256413804,0.5322061127553038,0.4989909698123879,0.4751622227916963,0.5388261750975125,0.5538830045850875,0.3737846235643223,0.5642046827852223,0.4729169759566901,0.680600008671681
0.8875260197716031,0.554999571831607,0.4943873820871709,0.5827458259638293,0.62900928358154,0.3961532592217025,0.6698083925813533,0.2852389982201938,0.6627967975947943,0.7122877599217933,0.9532932534812852,0.7865167171552588,0.6660243823007452,0.4381542811086256,0.8265474552204104,0.6309504374585143,0.2568571111152168,0.4742630987641966,0.799793290938519,0.6678202957217951,0.1477790048859616,0.5887569117286277,0.3832353187125041,0.2317675464205123,0.7642067768539753,0.5866393642612808,0.27186734218997,0.3612797271115627,0.4844699402356717,0.5863948953446871
0.5888839866106144,0.991029310415488,0.5801397092067417,0.2418222302662553,0.6396104449553315,0.5152902206324445,0.60497826788007,0.5515207030462945,0.5962564392588479,0.7525525711684588,0.3924317763214799,0.9177254708141064,0.7576243633366708,0.6194019452554529,0.4531609404272276,0.7376011892601254,0.5388587150372272,0.5444916274974411,0.461790203481043,0.337293696127699,0.510618558524199,0.516240951388752,0.4207166848769634,0.415251511005752,0.6525868349409443,0.850870052899585,0.5749897065759741,0.604325568067704,0.5316750914951244,0.6428490172149931
0.6046961589589348,0.5333953826668658,0.7117816167221435,0.4832844316402749,0.5899418834769314,0.4731737474752738,0.5812037505894327,0.7431681642046408,0.5007937695494962,0.4071813938651604,0.2232467756159717,0.4919362646796194,0.4363879986095627,0.6810599410956868,0.5287302713353712,0.4980933107588757,0.4053204620033703,0.211479939914723,0.4219225645275777,0.3155124580186394,0.5139990193594901,0.7076345366283362,0.4977846632182841,0.5453357520986672,0.4754141207774388,0.4705540033483424,0.356539555103232,0.4899690821119047,0.4809288437548559,0.5061315653796026
0.4702041810969495,0.491764739735459,0.7804313617117623,0.5025213436988191,0.5767273607445489,0.5717533034051203,0.6194455908321667,0.5819433794034045,0.5856838605407857,0.4575574561536409,0.1374110036988212,0.5893372867659842,0.6025399033155712,0.638435055099588,0.3839577110702997,0.4332838442672084,0.2999619546255391,0.3840302613899492,0.5057252931414048,0.4305029483394317,0.7490902596577369,0.6743933431599494,0.6964199997738194,0.7216525935546572,0.5590173254343924,0.6629241936613364,0.4671135567604024,0.5284137610282672,0.4918962715696416,0.5573282649322714
0.4935108915913753,0.5199345454934501,0.679332479235291,0.50181149468767,0.6217676693868268,0.5377260645402809,0.6418751045289688,0.6134797886859706,0.5647865664308689,0.6139060470941163,0.2136702379312183,0.3489475395625985,0.4530375564227329,0.6203655935230021,0.4521485881897261,0.4559949769326343,0.5330405078264688,0.2855748628930052,0.4531351972297702,0.355536352985745,0.5799881294699831,0.6543497895952507,0.5962761398090856,0.5034806522933495,0.4325444223753152,0.3914203860768881,0.532732921317154,0.6411878857198509,0.533706978487256,0.5934753774298613
0.2920057837029171,0.4378332480891229,0.5222434127656103,0.2617955927124289,0.6613358020280149,0.4610039418936218,0.6629997678938455,0.5347601228663987,0.6061408764900076,0.5656546406803947,0.2547800574894063,0.4873072577104971,0.5305327832050126,0.5320400946192192,0.5211156210416119,0.1707408591730788,0.3543917729592877,0.1776071903961412,0.4233556172543646,0.3481381850688104,0.5531002372602873,0.4914515078900285,0.5297324114498104,0.3482204733619531,0.5597029261878725,0.399789463330418,0.4731631703676571,0.654405745485128,0.3694829924540773,0.6216623213053435
0.2882086949362872,0.5408389461366401,0.5831018702564055,0.377153507299846,0.7608063300712073,0.6142001325763103,0.7241204930444459,0.6113271430622498,0.6289307585680772,0.4442977890369287,0.1386795506135312,0.4875486940125024,0.3541432131156686,0.5680013707606395,0.4973161299484955,0.3432537824743865,0.4846668018238437,0.3389889460527617,0.6420269325728178,0.242891084686349,0.78561537673263,0.5952314643241419,0.7813437745819707,0.6494706650879682,0.4786853666622722,0.5055707945925161,0.5300459253458242,0.6811608518763171,0.4179960634659511,0.6997144544428863
0.5025820537008476,0.5311163757470552,0.6065518140434394,0.4243588640213843,0.7087652071594726,0.5809177620464646,0.7058056784582402,0.5779381562522693,0.7375579809353998,0.5894541240479668,0.2178675704477277,0.3282506775108255,0.246669753726783,0.6615874116886211,0.6340960731657517,0.4225864750880329,0.6360178680489097,0.1153574121019475,0.6282455433891792,0.2146293178831592,0.7582186628663976,0.7097481652244091,0.6884599047600483,0.5985223131329157,0.4462939179866938,0.3287378077529395,0.5030503215628778,0.6580339596402611,0.5347092797322167,0.6712630149129651
0.3713636055565605,0.5539820888151255,0.6343082508493783,0.3582020315236743,0.6650418603524704,0.5200306077569332,0.6231224528411491,0.3970471941871323,0.5950353334775705,0.5780805086797504,0.2503824227758122,0.6960637349112095,0.3070206453140721,0.5501942523939815,0.6014389877701727,0.4891547128329742,0.4896705078431624,0.1615175506159502,0.5697540827128992,0.161346118226784,0.6595074090682952,0.6479605507153295,0.6863581393858107,0.4894382292662889,0.4771074138670871,0.420296644781077,0.3101062784950719,0.6090486545118067,0.5133413849388525,0.6500748495811407
0.4039950591572863,0.2707350321149238,0.5946140164111942,0.5262706816891255,0.6856562189560229,0.6117982422963293,0.7547324585145091,0.6450057416285284,0.5212368490247371,0.5543192399338238,0.0536168214225813,0.363537357742875,0.587692039244708,0.7485590920047437,0.6096031618395021,0.4213783079782661,0.5683672274284663,0.3258404528986094,0.4162284143699993,0.2793633123693932,0.5171786585435612,0.4254848645231592,0.2778430353291592,0.4548055779614424,0.5811130417409692,0.2731660967887126,0.5324575625716348,0.6731074484216868,0.4682770267107047,0.7081044329775745
0.517700809500351,0.455023314194122,0.2910937048124334,0.4523363666101725,0.4584821384301198,0.3745286212660148,0.5080721547155655,0.4119194466780693,0.4213957896753462,0.3018980158731178,0.7134076060851027,0.9208709988372696,0.4063748392095737,0.5093409890092397,0.6385375092420041,0.3987011354281004,0.1018054056656309,0.2610588081768056,0.7342219010673563,0.5107825094708083,0.8208715580852362,0.4362635427919041,0.4805322019347717,0.4117244285492498,0.5955520418441334,0.4458303341575262,0.3264724918307158,0.4256151134683896,0.3657370880605556,0.4118242496300417
0.5727998956196647,0.5782417910138533,0.478527768300178,0.4383299533640462,0.4145250997351197,0.3038582777561585,0.475245920993657,0.35155008776163,0.3879355559330862,0.7674803415466386,0.5705565951339848,0.7371075126248777,0.6268238388530971,0.7228572954491015,0.5262191314808029,0.4699093373064046,0.4600216968243549,0.3812032105009459,0.5359814715124753,0.4377517168594787,0.4810631730977499,0.7887695899138221,0.5366562436535856,0.516593409447349,0.4899244742103764,0.4245887490736106,0.4471133746032913,0.471542561617527,0.4284335251029424,0.3653738500524869
0.5393387117066635,0.6261585661972315,0.5981578242161659,0.1811091492208016,0.6563917846961278,0.5178324716071815,0.5855640400686561,0.5352288316805996,0.5596700338967083,0.4527527762541715,0.2573638614233107,0.462384608679635,0.3328763210861705,0.6477501591420285,0.4910710610855081,0.4764093330864453,0.382549446695945,0.2788590144843618,0.590058463668433,0.3260420027421939,0.6862844559474008,0.5431359882675767,0.6573392539553068,0.5733691780171226,0.467666090601807,0.5378260670445745,0.35804870465945,0.5676593341383371,0.5027066359285249,0.5684475755999039
0.712851839082534,0.5231138284430941,0.7550456330135575,0.8118398454707508,0.6793801501527614,0.4592720165923184,0.6911638058003057,0.6611499470345202,0.6016511526146058,0.6252211597730267,0.5866325508621422,0.9157524376180074,0.8090243886390296,0.6714881243717201,0.5860149764462865,0.6247487113259694,0.5494589527296714,0.4968612502576713,0.6872628087826844,0.4867668376385995,0.7004958010823968,0.9702515106697374,0.6920529822538333,0.7930761055596098,0.4832308552670835,0.7579740942023068,0.5983875239825098,0.6561054867791047,0.4513089502112918,0.6420487568078117
0.7332947695916261,0.7601970079980265,0.5100885018669888,0.5314635310556426,0.6689026559679989,0.6277373605618787,0.7615688630558483,0.498032404758534,0.5633964823813405,0.773844705369065,0.3937106888993955,0.8108596337887842,0.7675840798321243,0.6644402709226757,0.6238678532933735,0.7971271023418662,0.710936650782655,0.7246819465296142,0.8004438196253055,0.8564660483284443,0.6284949589519291,0.8466460433401399,0.638316451014005,0.4007931122969053,0.7895115088045247,0.6401705207933024,0.612109835319339,0.6299546767060127,0.4712773752761733,0.6858712207193401
0.4984321666913709,0.7436713195472304,0.3354111519403481,0.3646713450201939,0.5730448437947595,0.44513019827037,0.7009449799550126,0.4882523829365769,0.5863136585798621,0.4773514036685907,0.415534047283584,0.7842856238434969,0.4834640529093488,0.6625870630251269,0.5036284459538918,0.4560562996277161,0.3021575168057608,0.4050452935090876,0.5072786747737207,0.2395982964263986,0.4894272008539647,0.4183189813048249,0.4660915087302497,0.2946391516707994,0.5746728555363334,0.5397602199507066,0.2638642589803148,0.4199335230927919,0.2051761128213153,0.5223321641690203
0.7993295897869497,0.5843316960492064,0.8114090658395041,0.325423133865633,0.8231573776985792,0.8332462295090012,0.8336549437412398,0.8099054994362931,0.7164027404934857,0.7248379424269226,0.3089780813359937,0.267574539393044,0.5801219380868374,0.7874689584226189,0.4627652481683486,0.6224220501306915,0.8534484642076424,0.504923232012599,0.7150784675641138,0.4047190942073578,0.7888393443087531,0.9033490889805534,0.7547482496673908,0.8351673737506868,0.505982329022238,0.5247620523408871,0.6377705392271245,0.8166711939710973,0.7442705113551574,0.8249854396184311
